0 17 549 653
1 97 967 177
2 -62 92 517
3 -86 452 145
4 0 381 93
5 26 123 216
6 -50 474 506
7 1 444 391
8 -29 776 80
9 68 121 190
10 84 191 628
11 85 271 139
12 48 66 697
13 -82 649 15
14 74 495 520
15 32 914 470
16 -70 656 484
17 0 116 395
18 33 363 453
19 68 907 583
20 -68 474 23
21 3 690 348
22 8 42 335
23 56 932 617
24 46 73 74
25 -60 329 356
26 12 444 61
27 -44 602 564
28 -44 164 304
29 95 62 449
30 70 793 180
31 50 362 481
32 -10 151 487
33 -65 281 536
34 -62 435 583
35 -57 810 125
36 -90 719 125
37 77 257 55
38 -10 462 548
39 11 590 497
40 43 784 76
41 -24 533 424
42 29 761 105
43 27 242 175
44 -78 18 369
45 -35 258 379
46 71 267 584
47 -61 229 58
48 -87 861 157
49 37 884 549
50 73 613 124
51 -36 537 604
52 27 284 462
53 -36 2 250
54 29 963 264
55 -88 964 140
56 -77 674 481
57 -13 390 269
58 1 664 460
59 -97 396 212
60 85 41 113
61 43 643 19
62 26 387 56
63 37 986 447
64 -54 259 249
65 8 974 150
66 57 728 576
67 52 258 179
68 64 339 244
69 -10 24 119
70 -34 683 376
71 96 755 219
72 42 669 204
73 40 669 451
74 -69 169 238
75 87 871 335
76 48 883 444
77 -42 4 202
78 -95 652 503
79 -28 28 111
80 64 415 80
81 -31 760 8
82 29 108 321
83 -73 344 99
84 -99 916 269
85 0 550 97
86 -88 904 300
87 -6 387 641
88 86 584 565
89 -42 355 663
90 -35 756 543
91 -63 516 5
92 9 1 7
93 76 730 476
94 -61 752 548
95 -29 724 569
96 21 371 225
97 -15 164 178
98 -75 410 182
99 56 731 619
100 -36 56 168
101 -87 37 599
102 -54 21 6
103 -49 402 157
104 -1 24 399
105 37 517 150
106 -96 941 313
107 4 375 38
108 88 272 551
109 -53 667 486
110 -69 221 52
111 -20 44 406
112 -63 448 451
113 -42 887 303
114 -23 815 668
115 -22 735 401
116 -13 774 621
117 0 672 349
118 9 750 652
119 -3 190 88
120 10 964 239
121 88 457 423
122 75 967 495
123 87 52 470
124 -92 166 288
125 18 132 60
126 -88 78 281
127 44 261 216
128 -63 970 254
129 -14 503 566
130 -44 86 387
131 51 830 458
132 -2 307 367
133 31 757 253
134 -88 76 684
135 24 556 602
136 68 500 514
137 87 618 151
138 -88 107 96
139 81 769 696
140 -46 962 74
141 -38 559 482
142 73 951 54
143 75 250 625
144 -58 921 235
145 78 64 222
146 40 992 150
147 -11 881 395
148 29 178 275
149 -57 503 576
150 -54 435 355
151 -89 606 389
152 -46 279 415
153 -56 765 46
154 96 80 554
155 -57 651 117
156 14 522 389
157 71 298 283
158 48 199 135
159 89 855 43
160 -94 21 476
161 -44 733 364
162 35 593 524
163 16 331 582
164 48 548 131
165 -45 706 163
166 19 640 296
167 57 479 102
168 11 105 591
169 86 940 626
170 11 82 595
171 42 695 361
172 -23 107 630
173 70 54 606
174 55 511 111
175 33 845 191
176 -6 735 457
177 -4 930 77
178 5 888 199
179 9 853 132
180 11 381 365
181 25 821 158
182 -5 40 114
183 71 405 91
184 -36 220 205
185 -33 679 171
186 -45 924 109
187 40 967 317
188 -89 754 400
189 -4 473 193
190 7 503 7
191 84 950 164
192 15 705 167
193 63 501 326
194 61 326 390
195 66 951 105
196 -59 900 6
197 -45 936 670
198 -73 420 145
199 59 591 496
200 -71 762 614
201 -26 5 255
202 53 796 103
203 -52 495 439
204 -80 696 325
205 81 371 646
206 74 799 698
207 -68 481 368
208 4 103 665
209 98 405 532
210 -26 684 254
211 44 19 421
212 -74 848 279
213 21 135 546
214 -68 141 420
215 68 447 550
216 -63 892 617
217 72 686 278
218 -38 128 484
219 -97 367 564
220 59 334 654
221 -67 106 611
222 8 99 646
223 -70 31 589
224 41 417 235
225 -33 421 80
226 -77 801 447
227 -51 364 597
228 -57 50 212
229 63 751 575
230 -52 14 5
231 -60 637 223
232 40 110 427
233 53 262 266
234 32 79 212
235 -48 545 694
236 40 264 89
237 91 601 234
238 -68 735 540
239 44 754 242
240 30 162 477
241 88 374 216
242 79 686 491
243 71 677 491
244 2 773 10
245 -98 30 11
246 -80 416 542
247 -98 469 385
248 -73 234 7
249 98 350 372
250 90 130 185
251 -76 879 206
252 -6 852 104
253 89 502 142
254 82 223 64
255 62 735 445
256 -81 6 306
257 -80 382 376
258 -64 478 88
259 -8 466 680
260 -82 394 623
261 3 669 25
262 79 140 360
263 -10 110 411
264 -77 560 533
265 -31 708 251
266 78 292 99
267 -79 827 12
268 10 854 384
269 97 990 197
270 18 293 461
271 -10 932 577
272 66 842 590
273 10 622 506
274 47 774 535
275 -79 947 31
276 -9 856 583
277 93 764 464
278 54 490 499
279 -11 138 599
280 -99 702 220
281 97 572 31
282 95 432 131
283 -94 394 354
284 -40 601 464
285 62 730 467
286 -15 910 627
287 -73 207 166
288 62 262 177
289 -72 114 608
290 -64 827 289
291 -91 887 613
292 -72 439 238
293 -10 643 64
294 66 108 599
295 14 924 637
296 -15 597 270
297 -81 766 456
298 -85 207 99
299 93 758 149
300 70 222 182
301 40 468 581
302 -62 791 407
303 -81 939 146
304 90 980 478
305 -61 25 686
306 4 92 440
307 0 911 4
308 76 321 454
309 2 102 445
310 -43 39 399
311 16 344 76
312 -52 198 295
313 87 78 435
314 88 111 653
315 49 122 364
316 -1 418 29
317 14 774 599
318 -62 899 213
319 91 711 361
320 -62 662 40
321 -33 995 11
322 7 652 126
323 44 758 36
324 80 447 316
325 -41 527 271
326 -86 545 204
327 -87 330 461
328 8 333 352
329 -62 407 50
330 -54 141 536
331 -9 264 551
332 51 301 324
333 -86 428 254
334 -12 433 148
335 -39 592 631
336 -41 690 457
337 -90 980 285
338 -60 994 453
339 66 3 136
340 65 192 489
341 -26 417 195
342 10 138 660
343 52 745 358
344 -66 246 155
345 44 177 274
346 -40 569 75
347 -10 292 97
348 95 762 271
349 -91 945 425
350 45 801 351
351 21 486 158
352 79 356 191
353 30 115 432
354 71 657 471
355 78 725 101
356 36 333 690
357 66 796 62
358 58 373 102
359 -92 94 443
360 -74 312 0
361 8 525 460
362 15 335 46
363 -18 114 348
364 34 910 54
365 -84 758 175
366 90 90 148
367 -82 79 506
368 -47 974 423
369 -94 98 181
370 14 238 243
371 57 647 78
372 8 813 11
373 -91 28 600
374 60 863 302
375 96 565 90
376 14 425 265
377 -46 753 221
378 51 546 465
379 80 104 247
380 -41 50 8
381 -22 529 218
382 -54 512 530
383 91 855 617
384 -37 417 209
385 48 589 178
386 -78 265 168
387 -29 214 172
388 -46 814 455
389 26 513 171
390 -13 36 696
391 29 909 520
392 51 566 531
393 40 558 491
394 -2 591 360
395 93 490 530
396 67 714 25
397 49 121 553
398 -28 346 521
399 6 699 294
400 -28 590 174
401 91 137 390
402 -74 430 411
403 -43 147 52
404 73 623 27
405 -68 795 208
406 -51 141 313
407 91 640 146
408 -11 44 67
409 -98 520 585
410 83 373 261
411 -62 931 54
412 64 247 246
413 60 698 326
414 -90 872 389
415 57 584 627
416 -77 321 407
417 41 115 639
418 -90 689 73
419 -38 943 301
420 92 806 232
421 -97 545 109
422 96 972 73
423 45 75 676
424 -30 914 39
425 87 368 18
426 47 148 74
427 72 818 682
428 -74 434 579
429 -19 486 263
430 -9 780 146
431 52 837 290
432 -19 173 597
433 97 189 124
434 -86 721 675
435 -75 830 256
436 77 176 331
437 -97 960 125
438 -89 851 197
439 -26 709 525
440 -93 70 90
441 28 516 544
442 -78 481 375
443 20 771 86
444 -58 694 103
445 -27 663 329
446 1 582 678
447 -23 490 671
448 -73 697 663
449 -67 789 481
450 80 252 280
451 25 691 384
452 71 69 405
453 -56 33 694
454 19 337 81
455 39 413 371
456 62 517 137
457 21 359 347
458 -97 817 486
459 -97 846 117
460 -71 306 206
461 -64 906 654
462 16 505 176
463 -66 207 575
464 -98 594 135
465 -48 117 124
466 26 747 327
467 74 431 460
468 60 415 277
469 -15 241 681
470 15 176 286
471 -16 969 228
472 -71 311 39
473 -80 855 345
474 7 158 670
475 72 950 294
476 -84 199 601
477 -60 77 485
478 80 368 194
479 -28 301 467
480 -9 315 123
481 2 162 523
482 -39 954 312
483 -31 310 180
484 -41 110 238
485 78 108 457
486 -14 988 687
487 45 439 258
488 95 685 284
489 52 855 557
490 23 363 412
491 -41 966 560
492 2 791 478
493 55 550 417
494 -37 959 6
495 75 327 486
496 -37 580 534
497 66 241 272
498 26 826 268
499 92 733 467
500 -88 194 433
501 57 176 379
502 56 200 39
503 18 861 104
504 31 842 548
505 52 726 180
506 26 553 115
507 7 75 349
508 91 370 237
509 72 694 535
510 58 390 592
511 53 761 290
512 52 326 582
513 4 557 382
514 -9 292 200
515 -22 989 221
516 30 323 658
517 56 861 623
518 39 703 107
519 -71 784 564
520 47 928 676
521 -97 721 320
522 0 135 278
523 27 798 627
524 -6 537 653
525 4 984 440
526 -36 942 423
527 -9 257 379
528 90 580 149
529 73 276 173
530 -46 403 317
531 -84 460 55
532 44 49 204
533 -13 713 607
534 96 762 7
535 42 124 275
536 -31 683 224
537 98 640 645
538 31 936 606
539 47 234 145
540 0 195 525
541 95 274 94
542 0 906 175
543 -11 990 357
544 88 755 234
545 -83 627 191
546 10 331 321
547 21 772 82
548 -27 393 222
549 37 559 469
550 -90 655 11
551 -86 866 353
552 -3 260 429
553 26 240 87
554 -5 950 81
555 -35 11 263
556 33 587 157
557 12 699 433
558 3 902 635
559 76 581 54
560 -42 880 48
561 -94 516 617
562 -64 742 191
563 55 416 486
564 -73 225 534
565 -65 53 38
566 58 555 473
567 -60 85 532
568 74 729 548
569 62 932 563
570 19 203 475
571 -91 447 487
572 76 887 519
573 -74 735 614
574 77 190 452
575 14 96 401
576 88 243 207
577 -40 167 404
578 1 22 24
579 98 319 337
580 -71 941 356
581 29 111 555
582 -79 144 405
583 -31 809 463
584 47 751 116
585 81 235 54
586 42 224 329
587 5 406 471
588 -46 840 544
589 -12 893 624
590 -1 474 364
591 57 641 161
592 73 972 467
593 -70 273 311
594 47 872 670
595 -24 872 601
596 54 942 482
597 -69 746 394
598 -34 476 277
599 19 209 213
600 -77 929 470
601 86 507 590
602 -48 634 65
603 41 374 445
604 9 959 605
605 98 562 521
606 -17 688 277
607 14 26 110
608 72 34 60
609 45 176 361
610 63 769 626
611 -60 921 484
612 1 418 266
613 -18 792 528
614 -31 567 282
615 36 618 317
616 -78 335 299
617 52 442 6
618 0 351 363
619 -63 236 399
620 -55 760 626
621 65 500 139
622 -77 271 23
623 76 20 281
624 -64 166 261
625 -65 561 491
626 25 781 25
627 -90 207 79
628 -22 924 273
629 78 31 493
630 34 229 5
631 -25 892 345
632 36 713 260
633 90 840 693
634 27 900 481
635 -84 261 491
636 -73 564 173
637 48 460 327
638 -30 435 661
639 -70 682 446
640 -37 222 468
641 98 169 537
642 55 255 180
643 -44 768 545
644 8 261 427
645 -74 204 605
646 -70 644 562
647 -88 592 507
648 -17 859 219
649 21 139 29
650 -57 341 336
651 94 791 216
652 76 336 181
653 8 471 449
654 -10 916 367
655 41 277 677
656 19 460 12
657 -34 35 603
658 24 861 429
659 -55 797 81
660 -22 164 323
661 33 429 268
662 20 173 455
663 87 508 376
664 43 674 651
665 72 227 602
666 9 316 420
667 -43 145 201
668 28 82 359
669 34 259 218
670 -31 718 659
671 32 273 234
672 98 239 472
673 3 738 66
674 82 504 326
675 37 459 46
676 77 281 646
677 -36 498 433
678 -68 900 186
679 -24 5 656
680 -76 392 174
681 -11 14 5
682 9 697 588
683 41 219 654
684 57 294 334
685 67 307 595
686 84 339 215
687 18 925 30
688 25 654 428
689 2 177 467
690 30 598 541
691 -60 158 561
692 -6 956 442
693 -93 585 57
694 3 423 586
695 83 708 665
696 84 491 43
697 54 281 439
698 -6 355 172
699 -64 305 343
700 84 949 668
701 -80 71 617
702 -63 990 429
703 41 929 633
704 15 594 512
705 22 362 37
706 26 204 7
707 7 771 666
708 -96 316 403
709 -90 838 211
710 69 379 106
711 -22 18 256
712 96 773 565
713 -54 293 673
714 -89 546 478
715 66 607 631
716 50 554 616
717 75 832 291
718 37 304 650
719 72 672 339
720 -23 718 205
721 -97 730 508
722 -78 525 165
723 -95 331 556
724 0 157 607
725 37 365 78
726 34 203 530
727 41 958 261
728 70 116 292
729 78 683 121
730 33 399 198
731 3 967 234
732 -33 746 663
733 -3 695 121
734 62 28 272
735 93 554 678
736 59 869 26
737 49 472 662
738 -61 276 569
739 -83 672 666
740 44 128 62
741 -18 123 608
742 -27 632 436
743 62 855 375
744 98 417 420
745 -3 111 672
746 63 26 206
747 -42 305 645
748 -64 941 394
749 5 232 396
750 -41 207 295
751 -35 899 101
752 -42 405 369
753 -23 389 65
754 -22 408 182
755 20 525 49
756 29 719 515
757 5 193 67
758 26 444 588
759 -55 345 451
760 -10 194 70
761 54 181 339
762 17 746 580
763 -15 252 172
764 42 533 442
765 70 271 614
766 19 354 543
767 -40 940 693
768 55 959 132
769 -76 760 32
770 66 695 532
771 -2 582 689
772 78 550 159
773 -61 953 34
774 22 934 581
775 53 222 648
776 0 372 287
777 -69 140 57
778 3 913 696
779 3 506 45
780 25 147 479
781 -25 328 66
782 13 110 558
783 92 396 267
784 -83 122 394
785 28 734 81
786 39 694 560
787 -82 4 611
788 53 455 7
789 98 647 499
790 95 634 400
791 90 613 81
792 67 747 300
793 54 838 209
794 -15 871 653
795 -95 380 542
796 11 436 577
797 -18 186 655
798 75 891 337
799 -86 120 289
800 32 559 184
801 -17 739 27
802 -50 555 332
803 61 895 635
804 0 880 166
805 73 846 504
806 19 763 247
807 -12 981 633
808 33 618 414
809 42 460 490
810 21 506 168
811 67 71 76
812 28 938 11
813 91 113 378
814 56 25 560
815 87 342 574
816 -94 41 94
817 36 416 354
818 -75 205 637
819 2 230 613
820 -95 64 372
821 25 303 485
822 -46 922 383
823 -54 467 157
824 -27 102 663
825 62 530 4
826 -95 929 204
827 -14 123 403
828 -7 477 136
829 -15 230 239
830 39 879 552
831 51 981 27
832 -9 910 94
833 79 560 524
834 -52 391 249
835 -52 737 218
836 76 535 231
837 52 706 364
838 97 524 621
839 87 64 650
840 -82 622 491
841 4 682 4
842 68 756 672
843 89 609 99
844 61 616 509
845 -35 524 429
846 -93 462 635
847 53 545 245
848 -23 468 285
849 88 597 478
850 82 83 281
851 25 247 415
852 56 401 220
853 82 823 34
854 -49 465 553
855 50 115 217
856 74 69 490
857 -29 699 554
858 96 513 152
859 79 507 444
860 66 663 477
861 -19 999 136
862 72 39 124
863 62 118 463
864 -77 790 46
865 35 67 63
866 28 749 597
867 28 985 385
868 -56 943 289
869 8 542 500
870 93 528 122
871 0 652 694
872 47 143 275
873 -12 326 545
874 -97 649 104
875 54 799 287
876 -84 727 311
877 53 480 616
878 78 208 402
879 65 918 272
880 -69 462 132
881 -32 634 252
882 -89 983 522
883 -87 330 31
884 48 6 632
885 -29 305 405
886 -33 32 219
887 -21 62 479
888 -49 368 515
889 23 348 25
890 -94 662 595
891 -43 762 515
892 63 322 117
893 -12 553 4
894 -59 985 141
895 41 947 664
896 81 752 365
897 -48 114 195
898 6 5 0
899 -48 528 27
900 -37 694 52
901 75 435 219
902 -33 213 137
903 76 589 214
904 -76 284 389
905 33 441 288
906 84 840 502
907 4 974 296
908 -32 24 377
909 71 159 480
910 -35 367 512
911 -90 217 269
912 -94 695 264
913 -16 17 259
914 -90 517 161
915 37 863 468
916 -39 867 692
917 57 866 417
918 -47 849 645
919 -61 162 669
920 -55 312 614
921 -85 292 674
922 22 116 446
923 43 527 138
924 0 682 278
925 76 321 174
926 -82 887 428
927 -37 60 401
928 -94 617 179
929 -33 122 203
930 24 432 132
931 45 784 547
932 15 935 571
933 -16 755 307
934 58 621 421
935 98 60 183
936 36 799 491
937 78 484 127
938 30 533 401
939 96 942 210
940 -51 674 470
941 38 528 234
942 59 653 380
943 76 21 405
944 27 572 462
945 57 553 534
946 98 952 255
947 -55 489 340
948 -57 452 179
949 96 497 653
950 -78 709 201
951 34 907 413
952 -24 733 518
953 -61 657 372
954 61 824 27
955 9 300 589
956 -28 714 106
957 -58 253 117
958 -61 383 510
959 -2 834 415
960 -17 216 441
961 70 894 403
962 90 523 147
963 -32 466 117
964 -36 18 376
965 -99 630 655
966 16 128 286
967 66 503 427
968 -4 641 427
969 21 437 541
970 -93 610 681
971 -81 67 261
972 -50 718 417
973 -17 124 363
974 41 922 276
975 9 972 4
976 -95 597 331
977 58 806 89
978 71 148 374
979 -71 493 358
980 -9 973 350
981 -10 142 118
982 -3 311 174
983 -31 978 515
984 -8 158 691
985 -18 628 416
986 -20 700 353
987 3 141 154
988 86 209 467
989 -66 230 578
990 9 747 49
991 80 291 59
992 72 380 141
993 -43 675 11
994 64 558 366
995 3 593 2
996 -57 399 187
997 -83 663 172
998 -42 413 646
999 24 789 640
