0 -88 490 241
1 96 212 174
2 72 10 115
3 98 314 314
4 13 3 279
5 81 352 9
6 -75 134 37
7 -86 101 360
8 85 519 65
9 20 210 150
10 28 410 373
11 77 178 381
12 -68 498 399
13 10 622 54
14 -84 200 1
15 80 233 167
16 61 364 120
17 59 169 207
18 34 195 385
19 7 80 42
20 -81 79 277
21 26 405 357
22 -14 272 249
23 -39 308 284
24 56 492 309
25 -50 376 158
26 18 505 369
27 88 193 274
28 21 552 107
29 -1 122 20
30 32 690 114
31 -72 217 315
32 -54 263 231
33 -21 9 188
34 -89 536 260
35 -26 400 39
36 71 525 296
37 -95 308 308
38 2 598 208
39 51 32 93
40 -8 223 41
41 -99 31 312
42 83 159 291
43 90 311 237
44 -71 647 201
45 -86 519 308
46 38 641 346
47 8 12 12
48 -91 625 64
49 97 692 45
50 -14 133 357
51 96 427 98
52 -43 471 120
53 0 637 37
54 -13 605 352
55 1 110 148
56 63 309 388
57 79 488 386
58 -89 235 208
59 -39 170 326
60 -33 249 240
61 14 299 353
62 9 78 299
63 53 393 136
64 74 228 204
65 74 112 323
66 59 685 269
67 56 543 227
68 -84 131 314
69 0 72 331
70 -83 633 356
71 37 404 290
72 -55 697 311
73 -89 408 162
74 -58 540 113
75 44 473 163
76 95 647 385
77 -60 468 46
78 54 471 200
79 86 638 137
80 65 504 341
81 15 288 86
82 -15 190 204
83 23 555 342
84 18 87 126
85 40 669 36
86 62 647 383
87 64 307 252
88 -70 614 345
89 53 92 51
90 78 578 126
91 55 102 290
92 19 692 102
93 57 393 376
94 48 198 185
95 28 516 173
96 6 647 78
97 -66 605 13
98 30 321 305
99 16 170 229
